   961.0000000000      302.9730784694      18.5747652354 
   0.0000000000      302.9730784694      18.5747652354   
   53.7200000000      303.1102625485      17.7845122312  
   253.0000000000      303.2014069214      17.3143630092 
   326.0000000000      303.2276913893      17.1512603468 
   557.0000000000      303.6911722375      16.7457209690 
   862.0000000000      304.3017174675      16.2272414581 
   869.3700000000      304.3132547336      16.2103336304 
   1060.0000000000      305.6123672416      14.3935299355
   1167.0000000000      306.0610934121      14.0594833244
   1472.0000000000      307.3229969762      13.1439543163
   1777.0000000000      308.5786983121      12.2649158243
   2081.0000000000      309.8286210796      11.4366081869
   2226.6200000000      310.4219797129      11.0560584169
   2386.0000000000      310.7973393678      10.3339940011
   2701.0000000000      311.5240209624      9.0264823026 
   2976.6300000000      312.0517063866      6.5516548424 
   2988.8500000000      316.6568316823      4.5410489612 
   3001.1800000000      317.2382794367      4.3470672321 
   3075.5000000000      317.8240262662      3.1778939831 
   3301.0000000000      318.2151639858      2.9433834331 
   3605.0000000000      318.7143841914      2.6500044337 
   3910.0000000000      319.1998318482      2.3789580311 
   4297.7600000000      319.7655623620      2.0685510769 
   4520.0000000000      320.5391500541      1.0637806980 
   4637.2500000000      320.9510028322      0.7332243161 
   4723.9200000000      321.0035254593      1.6812060150 
   5168.0200000000      321.1533682280      1.3486067644 
   5259.1000000000      321.7432246952      0.3184635991 
   5413.0000000000      322.8368665746      0.6711915534 
   5739.0000000000      323.1008809910      0.7810256214 
   5807.8700000000      323.1485771977      0.8059367666 
   6545.2700000000      327.1595319724      0.1128834610 
   6668.3100000000      327.6710931744      0.1832904200 
   6828.9500000000      328.1425944832      1.1101923967 
   7103.0000000000      329.2727813604      0.6051060662 
   7158.7700000000      329.7211857163      0.5418158285 
   7263.0000000000      330.0397548635      0.4657160357 
   7636.9200000000      331.1290758177      0.2648873328 
   7754.5600000000      331.5778891445      0.3129297906 
   7873.0000000000      332.0200027052      0.3693186031 
   8266.4300000000      333.4788558979      0.6308846349 
   8787.0000000000      335.4484688850      0.4687273225 
   9173.0000000000      336.8798322716      0.3730738431 
   10158.4400000000      340.0621119376      0.2168219622
   10311.0000000000      340.3863004718      0.1985264371
   10423.0000000000      340.6243074847      0.1859437819
   11225.0000000000      342.4513997534      0.0851405718
   11883.0000000000      343.7213215697      0.0423131487
   12612.3800000000      344.5492719695      0.0165118233
   12749.0000000000      345.5512076940      0.0157686647
   13653.0000000000      352.1833993259      0.0114749103
   14107.2500000000      355.7118367406      0.0085540580
   14778.6300000000      361.3333028918      0.0066569495
   14825.8300000000      362.1699634228      0.0067110716
   14883.0000000000      363.7341404075      0.0068970328
   15651.2700000000      385.4535550708      0.0100023543
   15797.0000000000      389.6777003536      0.0107135016
   15993.1000000000      395.4591797909      0.0117724774
   16053.0000000000      396.9707819492      0.0122675770
   16125.7500000000      397.1798208368      0.0113029754
   16200.0700000000      407.1211272893      0.0165937899
   16407.0000000000      416.0861208722      0.0193708380
   16663.8300000000      427.3841920839      0.0234577462
   17017.0000000000      430.3087084175      0.0160044221
   17321.0000000000      432.7932547819      0.0113837296
   17887.9400000000      437.4187945932      0.0058302507
   17931.0000000000      438.9905130590      0.0058218351
   18227.7600000000      449.9261439832      0.0057575045
   18236.0000000000      449.9838380446      0.0057160696
   18263.0000000000      450.2315373303      0.0055966130
   18845.0000000000      467.7973207683      0.0057117020
   19076.4600000000      474.9528444923      0.0057580445
   19150.0000000000      476.6225448048      0.0056878210
   19455.0000000000      483.6270988656      0.0054114443
   19760.0000000000      490.7284966900      0.0051453555
   20065.0000000000      497.9091091646      0.0048964835
   20363.0000000000      505.0610390973      0.0046519773
   20674.0000000000      511.3142097246      0.0047602301
   20979.0000000000      517.5514802862      0.0048748026
   21284.0000000000      523.8294512311      0.0049827087
   21589.0000000000      530.2259934431      0.0051033256
   21621.8300000000      530.9025026264      0.0051112399
   21893.0000000000      539.4758653010      0.0054414150
   22198.0000000000      549.2407848126      0.0058433657
   23583.0000000000      595.8351864160      0.0080326780
   23722.0000000000      601.0231498132      0.0081499424
   24284.9700000000      622.5544234456      0.0086468534
   24637.0000000000      633.1003704728      0.0096092033
   25551.0000000000      661.3119220898      0.0126604229
   25955.8800000000      674.2384405934      0.0142992080
   26161.0000000000      686.5974096003      0.0139525625
   26213.0000000000      689.7819878750      0.0138688672
   26381.0300000000      701.5621564405      0.0147302035
   27075.0000000000      721.4284962503      0.0171651434
   27989.0000000000      748.5180832687      0.0210043255
   28294.0000000000      757.6930640474      0.0224801010
   28351.5900000000      759.4931589764      0.0227601170
   28881.8800000000      797.3661462803      0.0292371494
   28904.0000000000      798.2188216103      0.0295755652
   29301.9600000000      814.9981474896      0.0368310058
   29513.0000000000      821.0128735668      0.0373100326
   29818.0000000000      829.5610253364      0.0380288079
   30123.0000000000      838.2580828299      0.0387044479
   30428.0000000000      847.0565637225      0.0394651082
   30733.0000000000      856.0154084995      0.0401763502
   30873.0000000000      860.1803885218      0.0405350981
   31342.0000000000      873.8180240388      0.0422525531
   31952.0000000000      891.6575289474      0.0445698627
   32538.8900000000      909.0432574535      0.0469111340
   32866.0000000000      943.2470263935      0.0591808355
   33081.6600000000      966.0814813095      0.0689329183
   33178.5500000000      974.8794850072      0.0853263872
