   963.0000000000      301.7823918518      18.0787141272 
   0.0000000000      301.7823918518      18.0787141272   
   253.0000000000      301.9444923436      16.6556971682 
   338.0000000000      302.0006698763      16.2029271142 
   557.0000000000      302.8315515086      15.4951667200 
   862.0000000000      303.9903679844      14.5524091271 
   1070.0000000000      304.7743556091      13.9339812465
   1140.9300000000      304.8650838537      13.7806197497
   1167.0000000000      304.9965312705      13.6627887046
   1472.0000000000      306.5407517926      12.3894432225
   1777.0000000000      308.0836369421      11.2120248975
   2081.0000000000      309.6146870358      10.1241387839
   2386.0000000000      311.1560419819      9.1234333783 
   2463.2100000000      311.5399861330      8.8824319643 
   2709.0000000000      311.7454704175      8.4179105820 
   3194.3700000000      313.8762901768      7.6486944405 
   3301.0000000000      314.0881589027      7.0971840652 
   3496.8800000000      314.4835833418      6.1672624956 
   3716.4200000000      315.3211402007      4.5328355358 
   3808.3900000000      317.2675653558      2.8305600794 
   3910.0000000000      318.7529165247      2.2974750751 
   3941.8100000000      319.2264468741      2.1494820677 
   4520.0000000000      319.9231506423      1.9508711558 
   4708.6100000000      320.1229593854      1.8897256256 
   4957.4000000000      321.1047181418      1.5626070695 
   5031.7800000000      321.2540150249      1.2572073245 
   5076.7000000000      322.0210992350      0.4202066000 
   5413.0000000000      323.5682319510      0.7102839717 
   5522.4700000000      323.6500312265      0.7203808206 
   5739.0000000000      324.7055153241      0.3405779818 
   6072.7800000000      326.3267561629      0.0945218424 
   6360.6300000000      327.5907660294      0.3674869469 
   6481.9100000000      328.5805470382      0.9481634995 
   7113.0000000000      330.5719440409      0.3666541455 
   7263.0000000000      330.9570021128      0.3358989890 
   8787.0000000000      334.5055958595      0.1293979318 
   8976.8300000000      334.8867105914      0.1138961988 
   9113.7700000000      335.0798887800      0.2248517978 
   9183.0000000000      335.1873231708      0.1900272066 
   9323.1700000000      335.7085249852      0.0460377156 
   9806.5900000000      336.4532758048      0.0164677015 
   10311.0000000000      337.4397303356      0.0709164154
   10423.0000000000      337.6526668523      0.0960585848
   11001.5900000000      338.9085237571      0.0506478589
   11841.3300000000      342.5994680321      0.0265366235
   11873.0000000000      342.7711589669      0.0259401918
   12140.0000000000      344.3014091663      0.0089243703
   12229.2800000000      344.8140247150      0.0060970635
   13216.1300000000      348.1685982141      0.0047294396
   13359.0000000000      350.0749699812      0.0048980354
   13643.0000000000      353.9026250975      0.0052431837
   13969.0000000000      356.4500750739      0.0047051850
   14100.3200000000      357.4688722394      0.0045037175
   14273.0000000000      360.1563445482      0.0045156269
   14318.8900000000      360.8738902657      0.0045204377
   14363.9400000000      361.8247599449      0.0044065287
   14883.0000000000      372.9730345038      0.0032998313
   15188.0000000000      379.6706111390      0.0027680522
   15842.9700000000      394.4573100252      0.0018711302
   16021.7300000000      403.5435241819      0.0019267085
   16083.0000000000      405.4642000897      0.0017464754
   16407.0000000000      407.2370409430      0.0017567046
   16573.1500000000      408.1357809688      0.0017596883
   16721.6400000000      422.8897571430      0.0021597961
   17017.0000000000      428.6383130759      0.0022643433
   17286.9800000000      433.9698385721      0.0023644921
   17626.0000000000      435.2577677635      0.0024098138
   17931.0000000000      436.3635840815      0.0024511950
   17967.3100000000      436.4953353310      0.0024569441
   18283.0000000000      449.3765996853      0.0025868117
   18562.4800000000      461.7239229266      0.0032382893
   18845.0000000000      468.9810385611      0.0035674883
   19455.0000000000      485.0459486138      0.0043813500
   19551.3400000000      487.6238912372      0.0045286177
   19760.0000000000      491.9406805617      0.0045599710
   20065.0000000000      498.3341141470      0.0046057010
   20369.0000000000      504.7676288274      0.0046499976
   20383.0000000000      505.0610390973      0.0046519773
   20674.0000000000      509.7035549696      0.0048722025
   20719.0300000000      510.4345968914      0.0049071510
   20979.0000000000      517.4734487103      0.0052589274
   21589.0000000000      534.3872591276      0.0061909081
   22198.0000000000      551.7833456149      0.0072841124
   23623.0000000000      594.7461570600      0.0106266925
   23722.0000000000      596.9393806546      0.0104970908
   24109.7500000000      605.6000331296      0.0099775399
   24637.0000000000      624.0342580059      0.0120869758
   24941.0000000000      634.8664450946      0.0135086692
   25441.7500000000      653.1290552653      0.0161897687
   25856.0000000000      676.3815026634      0.0233202151
   25860.0100000000      676.5928733586      0.0234094665
   26161.0000000000      681.6731778737      0.0226481184
   26243.0000000000      683.0568809691      0.0224342575
   26860.4500000000      702.9632325927      0.0263694082
   27075.0000000000      716.3741466660      0.0302118015
   27380.0000000000      735.7129146297      0.0365913495
   27553.5400000000      746.8333877504      0.0407624626
   27685.0000000000      751.6634780391      0.0420949974
   28294.0000000000      774.6682385253      0.0487491532
   28599.0000000000      786.4908834362      0.0524321644
   29292.6200000000      813.8560439469      0.0619330103
   29513.0000000000      819.0114977475      0.0657262124
   29818.0000000000      826.2731649082      0.0713379244
   30088.1000000000      832.8294158851      0.0766651929
   30123.0000000000      834.6734352288      0.0769509763
   30428.0000000000      850.4413820980      0.0795602891
   30733.0000000000      866.5091351071      0.0822681764
   30923.0000000000      876.5754230008      0.0838950927
   31062.5500000000      883.8969451520      0.0942429510
   31342.0000000000      890.2281883969      0.0965947383
   31648.7900000000      897.2121526182      0.0993940488
   31952.0000000000      909.0649118732      0.1057401851
   32561.0000000000      933.2006480398      0.1194744795
   32866.0000000000      945.4353018131      0.1268672991
   33171.0000000000      958.0482580087      0.1350167011
   33373.0000000000      966.4599858761      0.1406232259
   33778.2200000000      991.2315341694      0.1491478893
