   0.0000000000      -1.7595021061      4.8341923061  
   53.7200000000      -2.1492396102      6.6581468430  
   253.0000000000      -2.4119711040      13.6789678716  
   326.0000000000      -2.6790745707      15.1937869063  
   557.0000000000      -0.0000000000      21.6066480000  
   862.0000000000      2.1077755668      24.0919849713  
   869.3700000000      2.1918126226      24.1774660605  
   1060.0000000000      4.6452776818      26.3446788639  
   1167.0000000000      4.7337166223      26.8462410192  
   1472.0000000000      7.3218032871      27.3253418704  
   1777.0000000000      11.7403251683      25.1772085725  
   2081.0000000000      13.8899880000      24.0581649325  
   2226.6200000000      15.4064686228      22.2331803729  
   2386.0000000000      16.8612829007      20.0944944726  
   2701.0000000000      17.1952679120      20.4925223098  
   2976.6300000000      16.9385490373      21.9080179218  
   2988.8500000000      16.9285426519      21.9742259318  
   3001.1800000000      16.9152242199      22.0363848249  
   3075.5000000000      16.8270991883      22.4197404021  
   3301.0000000000      16.5240855484      23.5988398392  
   3605.0000000000      14.4044320000      24.9492080782  
   3910.0000000000      15.1735257800      26.2813175809  
   4297.7600000000      18.7363852594      25.5064977072  
   4520.0000000000      20.8327284319      24.8274789522  
   4637.2500000000      21.3275223064      24.8393451411  
   4723.9200000000      21.7006740503      24.8496721726  
   5168.0200000000      23.6391511811      24.8148803662  
   5259.1000000000      24.0460700354      24.7876358185  
   5413.0000000000      24.7397828524      24.7397828524  
   5739.0000000000      25.0999120249      25.0999120249  
   5807.8700000000      25.1726567105      24.9539367976  
   6545.2700000000      25.9035580516      23.3728328573  
   6668.3100000000      26.0170917255      23.1071764075  
   6828.9500000000      26.1604998484      22.7570126602  
   7103.0000000000      26.4038268222      22.1554413482  
   7158.7700000000      26.4038268222      22.1554413482  
   7263.0000000000      26.4038268222      22.1554413482  
   7636.9200000000      28.1969225243      23.6600272905  
   7754.5600000000      28.7683486272      24.1395107227  
   7873.0000000000      28.7683486272      24.1395107227  
   8266.4300000000      27.9197175488      21.7114385611  
   8787.0000000000      26.5486948191      18.5895962420  
   9173.0000000000      27.6223375151      15.9477640000  
   10158.4400000000      25.3982974355      7.7892811677  
   10311.0000000000      24.8457372890      6.6573952419  
   10423.0000000000      24.3537916907      6.5255788161  
   11225.0000000000      21.0170666597      1.8387550733  
   11883.0000000000      22.6355360000      0.0000000000  
   12612.3800000000      29.4604229547      2.1582687503  
   12749.0000000000      30.7491831159      2.6902049353  
   13653.0000000000      27.3579357433      4.8239422080  
   14107.2500000000      27.0714769140      9.8532117943  
   14778.6300000000      24.8588493235      17.4063536875  
   14825.8300000000      23.9624916651      18.2413116581  
   14883.0000000000      22.8570441148      19.1793372865  
   15651.2700000000      23.1507828177      27.5900285944  
   15797.0000000000      23.1507828177      27.5900285944  
   15993.1000000000      23.5710995873      24.5453904736  
   16053.0000000000      23.6448446611      23.6448446611  
   16125.7500000000      23.2075841653      24.0741644779  
   16200.0700000000      22.7582542358      24.4993718744  
   16407.0000000000      21.4940848900      25.6156528872  
   16663.8300000000      18.3195638134      14.0012984341  
   17017.0000000000      8.2181269203      2.9911535804  
   17321.0000000000      -0.4483674892      5.1248638527  
   17887.9400000000      -4.9162674374      9.1611199863  
   17931.0000000000      -5.4016620000      9.3559530293  
   18227.7600000000      2.5314332390      16.1102025515  
   18236.0000000000      2.8577390969      16.2070437857  
   18263.0000000000      1.3446541002      15.3694666941  
   18845.0000000000      4.1275850500      15.4043571192  
   19076.4600000000      9.4097578914      9.2728050989  
   19150.0000000000      10.1180025811      7.0847016789  
   19455.0000000000      0.8696537162      -1.8649784128  
   19760.0000000000      -0.8822681391      -1.2600094843  
   20065.0000000000      -6.6623230084      0.5828777360  
   20363.0000000000      -7.4537211867      1.9972185726  
   20674.0000000000      -5.5949352383      2.6089611485  
   20979.0000000000      -7.1799342576      0.6281628524  
   21284.0000000000      -7.6872957790      -0.6725512338  
   21589.0000000000      -10.4352096614      2.7961060016  
   21621.8300000000      -10.3212961636      3.1910272565  
   21893.0000000000      -8.8495649397      6.1965320807  
   22198.0000000000      -7.5738667380      4.3727740000  
   23583.0000000000      -9.7744360000      -0.0000000000  
   23722.0000000000      -9.2651364400      -0.0000000000  
   24284.9700000000      -5.4924905698      -3.2845843647  
   24637.0000000000      -2.9727972794      -3.5428418378  
   25551.0000000000      -11.2798253397      -0.9868568438  
   25955.8800000000      -9.9114866910      -0.8671427242  
   26161.0000000000      -9.2298797986      -0.8075098481  
   26213.0000000000      -9.2298797986      -0.8075098481  
   26381.0300000000      -8.9508390010      0.4393350271  
   27075.0000000000      -6.3211178141      4.4260943433  
   27989.0000000000      -3.0459621409      6.5320868908  
   28294.0000000000      -5.9113045124      4.9601734362  
   28351.5900000000      -4.6355933228      5.9162432341  
   28881.8800000000      5.4035241483      1.9092438799  
   28904.0000000000      5.4610930561      1.4632954742  
   29301.9600000000      6.7825260126      -1.7376717625  
   29513.0000000000      6.6828235924      -3.8583300000  
   29818.0000000000      7.4876523824      -6.2828863525  
   30123.0000000000      2.3265605699      -1.0848930109  
   30428.0000000000      5.5678465522      -0.9817615716  
   30733.0000000000      8.9148866722      -5.1470122200  
   30873.0000000000      8.0067492312      -5.6063861682  
   31342.0000000000      2.3979937661      -8.9494345715  
   31952.0000000000      -0.9415717274      -10.7622140906  
   32538.8900000000      -5.4873518197      -8.1322716332  
   32866.0000000000      -7.0975062846      -5.9555149057  
   33081.6600000000      -7.0975062846      -5.9555149057  
   33178.5500000000      -7.0975062846      -5.9555149057  
