    0.0000000000      -4.3727740000      7.5738667380  
   253.0000000000      -5.2767468163      14.4977427259  
   338.0000000000      -4.6601766694      17.3920161023  
   557.0000000000      -1.8387550733      21.0170666597  
   862.0000000000      2.1974490647      25.1169577418  
   1070.0000000000      2.3758993254      27.1566535552  
   1140.9300000000      4.2080404542      27.6935944224  
   1167.0000000000      4.9123811485      27.8594978986  
   1472.0000000000      7.1899868613      26.8333962721  
   1777.0000000000      9.3236016604      25.6163850299  
   2081.0000000000      11.5207376050      24.7063015233  
   2386.0000000000      11.7403251683      25.1772085725  
   2463.2100000000      11.7403251683      25.1772085725  
   2709.0000000000      11.7403251683      25.1772085725  
   3194.3700000000      14.1189274470      25.3771278395  
   3301.0000000000      14.6590817800      25.3902744353  
   3496.8800000000      14.3298376200      24.8200068221  
   3716.4200000000      13.9594379400      24.1784557572  
   3808.3900000000      13.8025325200      23.9066875978  
   3910.0000000000      13.6301937800      23.6081881440  
   3941.8100000000      13.8175483625      23.6838418513  
   4520.0000000000      17.4063536875      24.8588493235  
   4708.6100000000      18.6228160481      24.6416505817  
   4957.4000000000      20.2543498644      24.2583254942  
   5031.7800000000      20.7487026814      24.1225922989  
   5076.7000000000      21.0431340026      24.0373783278  
   5413.0000000000      23.2847154886      23.2847154886  
   5522.4700000000      24.0768993987      22.7127356466  
   5739.0000000000      25.6156528872      21.4940848900  
   6072.7800000000      25.8677287468      20.7981878895  
   6360.6300000000      26.0701450674      20.1929419671  
   6481.9100000000      26.1508042910      19.9360039809  
   7113.0000000000      26.5486948191      18.5895962420  
   7263.0000000000      26.5486948191      18.5895962420  
   8787.0000000000      24.9492080782      14.4044320000  
   8976.8300000000      26.3801227525      13.8205210728  
   9113.7700000000      27.4400828244      13.3182704158  
   9183.0000000000      27.9746761917      13.0448057426  
   9323.1700000000      28.2291029860      12.7993487787  
   9806.5900000000      29.0900004643      11.9069607628  
   10311.0000000000      29.9719922977      10.9089130580  
   10423.0000000000      30.9436649512      11.2625729813  
   11001.5900000000      33.9795377194      12.3675403040  
   11841.3300000000      38.4946733333      14.0109152711  
   11873.0000000000      38.6687042563      14.0742573469  
   12140.0000000000      40.2500944081      10.7849802919  
   12229.2800000000      40.2500944081      10.7849802919  
   13216.1300000000      28.9422455623      3.1901408130  
   13359.0000000000      27.1566535552      2.3758993254  
   13643.0000000000      25.1377999916      9.1494109519  
   13969.0000000000      26.1272869649      18.2945232858  
   14100.3200000000      27.3915105277      19.1797421544  
   14273.0000000000      33.4141179618      19.2916500000  
   14318.8900000000      33.4141179618      19.2916500000  
   14363.9400000000      33.4141179618      19.2916500000  
   14883.0000000000      30.7627733619      21.5403258042  
   15188.0000000000      30.3455795861      21.2482035776  
   15842.9700000000      21.2263702548      19.3483982070  
   16021.7300000000      18.9444163464      18.5064568831  
   16083.0000000000      18.1883420470      18.1883420470  
   16407.0000000000      13.1157497800      22.7171449983  
   16573.1500000000      11.7410483172      19.2500316766  
   16721.6400000000      10.3854623926      16.2392949473  
   17017.0000000000      7.3768239056      10.5351963568  
   17286.9800000000      3.5152823682      8.7888329141  
   17626.0000000000      0.4483674892      5.1248638527  
   17931.0000000000      -2.8263745776      6.0611798415  
   17967.3100000000      -2.9553311606      6.8097933132  
   18283.0000000000      -2.4119711040      13.6789678716  
   18562.4800000000      -1.3226840932      15.1183483653  
   18845.0000000000      -0.0000000000      16.4570635600  
   19455.0000000000      6.1498366232      0.5380409871  
   19551.3400000000      4.9981205182      0.5765343164  
   19760.0000000000      2.5280759141      0.4457679929  
   20065.0000000000      -3.5822798330      0.3134088750  
   20369.0000000000      -7.1799342576      0.6281628524  
   20383.0000000000      -6.9617755884      1.8654021468  
   20674.0000000000      -6.6994784474      5.6215298943  
   20719.0300000000      -6.8594440129      5.1727168465  
   20979.0000000000      -7.2512884591      2.6392531592  
   21589.0000000000      -10.6400572657      3.8726641356  
   22198.0000000000      -5.8239071235      5.8239071235  
   23623.0000000000      -3.9753179662      1.0651832387  
   23722.0000000000      -3.9753179662      1.0651832387  
   24109.7500000000      -5.1915358276      1.6001009892  
   24637.0000000000      -6.7727034208      2.4650624507  
   24941.0000000000      -5.4783021055      3.8359484309  
   25441.7500000000      -8.3858710140      0.2811184693  
   25856.0000000000      -8.8586474607      -4.1308551518  
   25860.0100000000      -8.9010084298      -4.1373766834  
   26161.0000000000      -12.0854807652      -4.3987552653  
   26243.0000000000      -11.9309230462      -3.1968811952  
   26860.4500000000      -10.9906860479      2.1523030029  
   27075.0000000000      -10.1518038428      3.6949544229  
   27380.0000000000      -4.9601734362      5.9113045124  
   27553.5400000000      -4.1097818090      2.9466567356  
   27685.0000000000      -2.7974676192      1.3044805743  
   28294.0000000000      -5.0662843969      0.8933226311  
   28599.0000000000      -3.3430540016      9.1849653815  
   29292.6200000000      5.5588225610      4.3243098111  
   29513.0000000000      5.9629769494      1.5977748581  
   29818.0000000000      1.1783200328      0.9887279049  
   30088.1000000000      2.4025845614      2.3552502665  
   30123.0000000000      2.5427302182      2.5427302182  
   30428.0000000000      3.9681387489      4.7290436100  
   30733.0000000000      9.1849653815      3.3430540016  
   30923.0000000000      7.6872957790      0.6725512338  
   31062.5500000000      5.6777941257      -1.3400811550  
   31342.0000000000      1.3227129163      -1.5763478700  
   31648.7900000000      -1.1619693591      -1.3686937922  
   31952.0000000000      -1.3321095027      0.7690937800  
   32561.0000000000      4.9691474578      -1.3314790484  
   32866.0000000000      6.5514408053      -6.5514408053  
   33171.0000000000      5.0162402558      -7.1639335226  
   33373.0000000000      3.0459621409      -6.5320868908  
   33778.2200000000      3.0459621409      -6.5320868908  

